30 338 240
2 241 258
30 346 240
2 248 258
30 346 240
2 248 256
30 347 240
2 249 257
30 347 240
2 248 258
30 347 240
2 248 257
30 347 240
2 248 258
30 347 238
2 247 255
30 347 235
2 249 256
30 348 223
2 248 253
30 347 215
2 247 253
30 347 212
2 249 251
30 346 211
2 247 249
30 345 210
2 247 248
30 345 209
2 250 250
30 345 212
2 248 250
30 344 218
2 249 250
30 332 225
2 247 252
30 309 228
2 242 252
30 293 228
2 237 252
30 290 228
2 235 249
30 290 227
2 235 252
30 290 226
2 235 250
30 289 218
2 236 250
30 290 211
2 234 244
30 290 206
2 234 242
30 293 226
2 235 238
30 291 211
2 236 245
30 291 217
2 238 251
30 281 224
2 234 248
30 256 228
2 226 243
30 240 229
2 222 241
30 228 231
2 218 243
30 222 231
2 217 245
30 213 242
2 191 253
30 220 231
2 214 247
30 224 231
2 216 244
30 230 232
2 218 244
30 240 231
2 221 245
30 252 232
2 224 247
30 276 231
2 230 252
30 293 229
2 235 257
30 313 228
2 241 258
30 335 228
2 244 257
30 336 228
2 245 258
30 342 227
2 246 259
30 348 227
2 247 258
30 354 227
2 250 257
30 360 225
2 249 258
30 362 226
2 253 254
30 359 227
2 249 255
30 353 228
2 248 255
30 334 229
2 245 254
30 311 230
2 241 254
30 299 230
2 238 253
30 290 226
2 235 251
30 288 227
2 235 249
30 288 226
2 235 251
30 290 232
2 236 252
30 290 241
2 236 255
30 289 252
2 237 258
30 290 268
2 237 262
30 290 280
2 237 266
30 290 285
2 237 269
30 291 287
2 237 269
30 292 288
2 238 269
30 292 287
2 237 267
30 293 282
2 238 265
30 294 274
2 239 263
30 295 269
2 240 263
30 297 259
2 238 258
30 298 253
2 239 258
30 300 244
2 239 256
30 300 237
2 239 254
30 299 228
2 239 253
30 299 226
2 239 252
30 297 220
2 239 249
30 298 210
2 239 246
30 300 203
2 239 244
30 301 223
2 239 235
30 298 202
2 236 241
30 296 204
2 235 242
30 296 216
2 238 251
30 298 229
2 238 255
30 297 235
2 238 255
30 298 239
2 237 258
30 297 240
2 238 257
30 296 241
2 237 257
30 293 240
2 236 256
30 278 238
2 232 251
30 259 238
2 228 246
30 242 238
2 224 244
30 232 236
2 221 244
30 232 237
2 221 246
30 240 237
2 222 244
30 250 237
2 224 246
30 272 235
2 229 248
30 285 234
2 232 252
30 297 233
2 235 254
30 305 232
2 237 254
30 311 233
2 238 256
30 311 233
2 239 254
30 312 232
2 238 255
30 312 232
2 239 254
30 312 232
2 239 255
30 313 233
2 239 255
30 314 233
2 239 254
